a=13
main=14
